-327554726
639882434
-929111191
-388602097
-661036030
995983090
-609378096
608367111
487773000
224026682
267542213
-511472594
-161135248
216623488
267796075
-426086158
350942858
-844633902
116764760
-869303175
756325809
-677678263
539899092
-936733789
998486038
498065576
-488617024
-693467308
-207467790
163523897
-401804279
341998135
-857543669
-906825917
177616105
501978578
48470851
-441567691
336256718
-30853435
659086155
-870452628
127547482
758231924
520867745
869153156
-944733859
162088102
975440882
-206367013
997520512
420445033
891123083
-864223509
381601226
775524641
-21276431
27855800
947472276
371469911
974375403
354716263
-174317518
-746499827
-78259460
-899697916
231581666
-32224706
-978205333
-838212608
454282677
-909088841
-551535594
398048266
573726460
-75204136
52742678
754664871
-703874718
211604025
826033092
-669208557
635442800
-570301443
-772448765
-521055886
-26843433
417996372
645104550
-835888610
-326412196
-113791718
874523423
428511328
-234462820
-667064994
-289381960
453821707
-204462725
-560364659
