-807679458
-910819563
-397248086
781862759
-269579452
-4592080
-649747566
197656017
339794453
203311700
180846167
-673660877
373709354
-392403410
-267051613
-756237875
-222061107
100041719
58342940
374136652
17411904
555646660
-693476679
200256023
432847665
772600237
899050304
161240293
944948138
-127258752
-120320152
678616831
-393982058
905335847
672496423
565799154
-225981866
-835955903
-842931351
816898305
-595023597
-830975410
-458177971
-861049105
-915674718
-727449602
-847952649
957897544
272449285
-500739189
-962420507
-490205364
-498383861
352298931
219622495
-49813133
-878119406
435374929
279137293
78942369
262986221
-969981545
408971170
-919466008
-521515808
-720466966
97232116
-131619896
-30017702
168287922
-555627753
404478552
-979040323
127098597
-741757710
-26692482
311179879
-878895181
-922106180
24269796
608336519
397431788
22160178
746808210
319828795
46873883
-667083856
-102991197
26155189
12398455
784629609
333114407
-616056687
935427652
-309176596
706048580
326024951
-280206868
-664696948
-173337711
