4606449
619544760
270651518
-679242137
616643634
-696244027
-498478691
104319221
-122272860
-508919961
201523112
739796476
754693334
136458733
-675159523
-490829748
-627794336
719280792
195964227
-232055933
975903224
-322805626
217896221
-154475319
620650732
-65713779
-515215546
653478585
-162008728
-177803624
-182702587
51394898
190899101
877975426
303932153
-580604236
369422578
348403550
390506143
-133883530
-666272680
805446497
-56560145
-118291802
-314339909
377491053
-826357723
-788587170
525652628
-119000262
-830095715
957249023
991311651
629518551
-623067238
-608505973
331937435
-683394649
-93908131
-793324566
-771493322
-566278239
-420874554
-114997640
744733922
-882150080
-702694659
-481591948
722990915
524173457
52065732
415266577
741466126
872653926
-428171800
852492798
380826308
881982702
709737683
317818000
583495836
545872880
-801937601
-137638769
-213035649
79799972
940035845
-381038182
-418489555
254179118
-913416173
-900139977
-593769347
-269132872
10222204
463987579
-995816767
-691884758
-267532472
-378349687
