844130478
-218804884
-820571395
-233206295
197045176
259983045
-574716372
-468843504
181106338
-654392370
690545253
807069609
-177832794
478950717
513912953
-182291679
624678192
-410822802
830116898
452590031
361823860
416576190
256556970
-489918139
523753665
814562492
-755716665
185915837
668643949
-820239089
-945105167
806691868
840655654
-468934817
795553028
-22384459
-256149184
794372997
-82178007
-906881766
-996020865
-13372010
612880290
988229928
-77937126
411331105
530240187
-998384484
-117564584
260601043
-787928171
490953951
-506833012
-319262813
-298485123
-21568267
-934410134
-631558661
220110393
-151904001
928649567
-296072944
-663888140
-923289638
960391562
-326328893
165479653
977960794
481433855
-470732077
668363745
-322831419
680453075
-471645134
-301872911
-997703903
-649234470
577929014
314613440
475042211
99342181
-18923891
-559168319
449225075
687184923
635651811
-775653486
864192616
419922727
-339647446
799198586
928330597
-248886641
23417225
2076945
-584211121
-552283739
-188090909
276341759
639971242
