-248344938
905092866
-213013540
-607626545
430212448
4057911
-518793268
552876640
-329743726
611158194
-663194152
323656137
120685649
-200825270
154056049
212021040
348317223
-70110444
60134917
750418867
919486180
-616119400
897150365
-290146920
99025320
518831144
574483208
-246475919
-741900325
-188158516
451572200
-563282895
856755442
446390592
-65024095
347704670
526836653
-673693770
725871747
365036055
568869066
-530536895
86758357
319864670
870532507
-400886936
728902269
-615344508
-542226493
680711513
678831688
-464876638
-730412739
-674861097
-150715837
881722344
-716898905
424147239
-816492001
-189608189
-177821146
639595195
-247470590
-504639871
-1791640
-900913460
-450883495
787245026
-409880899
-929295215
723540243
513052173
88707040
-997483003
537399322
-165645023
400441288
492790248
50491231
-682832872
270699222
593315445
-952423034
155667556
328396767
-325540300
-855793426
-469133772
804342055
149951150
-22981515
-603908655
708471567
422241067
83144930
-959945372
-708320026
-817773324
997419974
-148680650
