259	-952423034
260	-934410134
261	-923289638
262	-915674718
263	-906881766
264	-878119406
265	-855793426
266	-844633902
267	-835888610
268	-830975410
269	-807679458
270	-793324566
271	-788587170
272	-775653486
273	-771493322
274	-741757710
275	-727449602
276	-720466966
277	-708320026
278	-703874718
279	-691884758
280	-673693770
281	-667064994
282	-661036030
283	-654392370
284	-649747566
285	-649234470
286	-623067238
287	-551535594
288	-521055886
289	-515215546
290	-511472594
291	-471645134
292	-464876638
293	-426086158
294	-420874554
295	-410822802
296	-397248086
297	-393982058
298	-392403410
299	-381038182
300	-339647446
301	-329743726
302	-327554726
303	-322805626
304	-248344938
305	-247470590
306	-225981866
307	-207467790
308	-200825270
309	-177832794
310	-177821146
311	-174317518
312	-148680650
313	-133883530
314	-119000262
315	-118291802
316	-113791718
317	-77937126
318	-32224706
319	-30017702
320	-26692482
321	-13372010
322	22160178
323	51394898
324	52742678
325	83144930
326	127547482
327	149951150
328	162088102
329	168287922
330	181106338
331	224026682
332	231581666
333	254179118
334	256556970
335	270651518
336	270699222
337	319864670
338	336256718
339	347704670
340	348403550
341	350942858
342	369422578
343	373709354
344	381601226
345	398048266
346	408971170
347	416576190
348	501978578
349	537399322
350	565799154
351	568869066
352	577929014
353	611158194
354	612880290
355	616643634
356	639882434
357	639971242
358	645104550
359	741466126
360	744733922
361	746808210
362	754693334
363	787245026
364	799198586
365	830116898
366	840655654
367	844130478
368	852492798
369	856755442
370	872653926
371	877975426
372	881982702
373	905092866
374	944948138
375	960391562
376	975440882
377	977960794
378	995983090
379	997419974
380	998486038
