381	-996020865
382	-978205333
383	-969981545
384	-936733789
385	-913416173
386	-909088841
387	-906825917
388	-900139977
389	-878895181
390	-864223509
391	-861049105
392	-857543669
393	-847952649
394	-820239089
395	-816492001
396	-801937601
397	-772448765
398	-755716665
399	-741900325
400	-716898905
401	-683394649
402	-679242137
403	-674861097
404	-673660877
405	-669208557
406	-631558661
407	-608505973
408	-607626545
409	-595023597
410	-584211121
411	-555627753
412	-542226493
413	-508919961
414	-500739189
415	-498383861
416	-470732077
417	-468934817
418	-388602097
419	-326328893
420	-319262813
421	-314339909
422	-267051613
423	-248886641
424	-232055933
425	-213035649
426	-206367013
427	-204462725
428	-189608189
429	-188090909
430	-151904001
431	-150715837
432	-137638769
433	-102991197
434	-56560145
435	-49813133
436	-26843433
437	4057911
438	12398455
439	46873883
440	48470851
441	50491231
442	100041719
443	180846167
444	195964227
445	200256023
446	219622495
447	260601043
448	267796075
449	276341759
450	311179879
451	319828795
452	326024951
453	328396767
454	331937435
455	333114407
456	341998135
457	348317223
458	352298931
459	354716263
460	365036055
461	371469911
462	390506143
463	419922727
464	422241067
465	424147239
466	449225075
467	452590031
468	453821707
469	463987579
470	475042211
471	481433855
472	490953951
473	530240187
474	608336519
475	608367111
476	629518551
477	635651811
478	639595195
479	659086155
480	672496423
481	678616831
482	680453075
483	687184923
484	708471567
485	709737683
486	722990915
487	723540243
488	725871747
489	750418867
490	754664871
491	781862759
492	804342055
493	870532507
494	874523423
495	891123083
496	905335847
497	928649567
498	957249023
499	974375403
500	991311651
