1	-998384484
2	-959945372
3	-922106180
4	-919466008
5	-900913460
6	-899697916
7	-882150080
8	-870452628
9	-838212608
10	-817773324
11	-693467308
12	-682832872
13	-667083856
14	-666272680
15	-664696948
16	-663888140
17	-663194152
18	-627794336
19	-616119400
20	-615344508
21	-609378096
22	-580604236
23	-574716372
24	-521515808
25	-518793268
26	-506833012
27	-490829748
28	-490205364
29	-488617024
30	-481591948
31	-469133772
32	-468843504
33	-428171800
34	-400886936
35	-326412196
36	-325540300
37	-309176596
38	-296072944
39	-290146920
40	-289381960
41	-280206868
42	-269579452
43	-269132872
44	-267532472
45	-256149184
46	-234462820
47	-218804884
48	-213013540
49	-188158516
50	-177803624
51	-162008728
52	-161135248
53	-131619896
54	-127258752
55	-122272860
56	-120320152
57	-117564584
58	-114997640
59	-78259460
60	-75204136
61	-70110444
62	-4592080
63	-1791640
64	10222204
65	17411904
66	24269796
67	27855800
68	52065732
69	58342940
70	79799972
71	88707040
72	97232116
73	99025320
74	116764760
75	155667556
76	197045176
77	201523112
78	203311700
79	212021040
80	216623488
81	314613440
82	317818000
83	361823860
84	374136652
85	380826308
86	397431788
87	400441288
88	404478552
89	417996372
90	428511328
91	430212448
92	446390592
93	451572200
94	487773000
95	492790248
96	498065576
97	518831144
98	525652628
99	539899092
100	545872880
101	552876640
102	555646660
103	573726460
104	574483208
105	583495836
106	619544760
107	620650732
108	624678192
109	635442800
110	678831688
111	706048580
112	719280792
113	739796476
114	758231924
115	795553028
116	806691868
117	814562492
118	826033092
119	864192616
120	869153156
121	881722344
122	899050304
123	919486180
124	935427652
125	947472276
126	957897544
127	975903224
128	988229928
129	997520512
