130	-997703903
131	-997483003
132	-995816767
133	-979040323
134	-962420507
135	-945105167
136	-944733859
137	-929295215
138	-929111191
139	-910819563
140	-869303175
141	-842931351
142	-835955903
143	-830095715
144	-826357723
145	-820571395
146	-787928171
147	-756237875
148	-746499827
149	-730412739
150	-702694659
151	-696244027
152	-693476679
153	-677678263
154	-675159523
155	-616056687
156	-603908655
157	-593769347
158	-570301443
159	-566278239
160	-563282895
161	-560364659
162	-559168319
163	-552283739
164	-530536895
165	-504639871
166	-498478691
167	-489918139
168	-458177971
169	-450883495
170	-441567691
171	-418489555
172	-409880899
173	-401804279
174	-378349687
175	-322831419
176	-301872911
177	-298485123
178	-246475919
179	-233206295
180	-222061107
181	-182702587
182	-182291679
183	-173337711
184	-165645023
185	-154475319
186	-93908131
187	-82178007
188	-65713779
189	-65024095
190	-30853435
191	-22981515
192	-22384459
193	-21568267
194	-21276431
195	-18923891
196	2076945
197	4606449
198	23417225
199	26155189
200	60134917
201	78942369
202	86758357
203	99342181
204	104319221
205	120685649
206	127098597
207	136458733
208	154056049
209	161240293
210	163523897
211	165479653
212	177616105
213	185915837
214	190899101
215	197656017
216	211604025
217	217896221
218	220110393
219	259983045
220	262986221
221	267542213
222	272449285
223	279137293
224	303932153
225	323656137
226	339794453
227	377491053
228	411331105
229	415266577
230	420445033
231	432847665
232	435374929
233	454282677
234	478950717
235	513052173
236	513912953
237	520867745
238	523753665
239	524173457
240	526836653
241	593315445
242	653478585
243	668363745
244	668643949
245	680711513
246	690545253
247	728902269
248	756325809
249	772600237
250	775524641
251	784629609
252	794372997
253	805446497
254	807069609
255	816898305
256	897150365
257	928330597
258	940035845
